Columns:
2 3 3 4
2 3 3 3 4
3 1 1 3 1 7
2 1 1 17
3 8 5
3 6 3
3 5 5
2 1 1 5 4
3 2 4 5 3
1 4 3 4
1 1 4 4 4
16 4
1 3 8 1 4
4 5 1 1 4
1 4 2 5
1 3 5 8
3 9 2 5
1 3 3 1 2 5
1 3 4 2 2
1 1 4 2 4 1
8 1 3 3 1
5 9
3 2 3 3 1 3
3 11 1 3
5 3 1 4 1 4
5 2 6 1 1
3 6 4 3
2 2 3 5
3 3 5
2 2 3 2 5

Rows:
4 4 1 1 1 3 1
4 2 1 1 4 1
1 1 3 12
1 3 4
5 1 3 4
6 1 3 1
2 6 1 4 1
1 3 1 4
3 1 3 1 2
1 1 4 3 2
3 2 3 3
3 7 1 1 1
5 7 3
4 7 6
4 1 6 2 3 1
4 5 1 4 4
6 6 1 1 2 4
12 3 7 2
2 6 1 1 9
2 5 2 5 3
9 2 2
4 2 3
2 3 5 3
3 10 2
4 10 4
8 9 2 4
9 10 1 3
9 4 8
3 1 1 3 3 1 2
1 1 3 3 1
